3.600000000000000000e+01 6.555999999999999606e-01
3.700000000000000000e+01 5.246874999999999734e-01
3.800000000000000000e+01 3.866782006920416181e-01
3.900000000000000000e+01 3.379232017306653124e-01
4.000000000000000000e+01 2.734082840236686796e-01
4.100000000000000000e+01 2.173929398148148062e-01
4.200000000000000000e+01 1.243177601619160078e-01
4.300000000000000000e+01 1.715580826867894315e-01
4.400000000000000000e+01 2.575260308204913584e-01
4.500000000000000000e+01 2.790914478600323156e-01
4.600000000000000000e+01 2.725585718682670411e-01
4.700000000000000000e+01 2.335757733576380168e-01
4.800000000000000000e+01 2.441226329740807388e-01
4.900000000000000000e+01 2.705012617065556957e-01
5.000000000000000000e+01 2.789717370149943365e-01
5.100000000000000000e+01 2.585891976580088625e-01
5.200000000000000000e+01 2.652299261225548044e-01
5.300000000000000000e+01 2.850689982638223152e-01
5.400000000000000000e+01 3.199897849419030549e-01
5.500000000000000000e+01 3.198228207382672883e-01
5.600000000000000000e+01 3.089213622193841546e-01
5.700000000000000000e+01 3.075640765073361926e-01
5.800000000000000000e+01 3.041833143826114805e-01
5.900000000000000000e+01 3.147011034783748218e-01
6.000000000000000000e+01 3.278037597265088809e-01
6.100000000000000000e+01 3.338456022758087838e-01
6.200000000000000000e+01 3.282550002886708285e-01
6.300000000000000000e+01 3.259495848146261032e-01
6.400000000000000000e+01 3.388539076765600955e-01
6.500000000000000000e+01 3.327490446728146312e-01
6.600000000000000000e+01 3.410047535448773037e-01
6.700000000000000000e+01 3.398525251730503127e-01
6.800000000000000000e+01 3.525199060368746085e-01
6.900000000000000000e+01 3.614744437316045889e-01
7.000000000000000000e+01 3.700026506356709488e-01
7.100000000000000000e+01 3.775121122085046688e-01
7.200000000000000000e+01 3.642341301849424950e-01
7.300000000000000000e+01 3.529481025574499053e-01
7.400000000000000000e+01 3.559253438873896114e-01
7.500000000000000000e+01 3.767743243358869232e-01
7.600000000000000000e+01 3.919460985242430584e-01
7.700000000000000000e+01 3.958795071954729350e-01
7.800000000000000000e+01 3.984222958137643156e-01
7.900000000000000000e+01 3.959316369198411789e-01
8.000000000000000000e+01 4.017323851061820328e-01
8.100000000000000000e+01 4.038162889554277046e-01
8.200000000000000000e+01 4.179166407563787433e-01
8.300000000000000000e+01 4.187183951880635857e-01
8.400000000000000000e+01 4.217651611385521693e-01
8.500000000000000000e+01 4.235822408402282191e-01
8.600000000000000000e+01 4.343550290495817867e-01
8.700000000000000000e+01 4.520116286097135005e-01
8.800000000000000000e+01 4.548508941532706795e-01
8.900000000000000000e+01 4.661117075723784642e-01
9.000000000000000000e+01 4.698210226540467938e-01
9.100000000000000000e+01 4.693868745110769680e-01
9.200000000000000000e+01 4.665981948374066102e-01
9.300000000000000000e+01 4.645611009674344705e-01
9.400000000000000000e+01 4.828318239678802692e-01
9.500000000000000000e+01 4.920997200587186038e-01
9.600000000000000000e+01 5.100511154534719260e-01
9.700000000000000000e+01 5.225204852411124978e-01
9.800000000000000000e+01 5.252270274157269103e-01
9.900000000000000000e+01 5.312948009438613894e-01
1.000000000000000000e+02 5.108878933566659564e-01
1.010000000000000000e+02 5.086868875724366301e-01
1.020000000000000000e+02 5.144156579347882730e-01
1.030000000000000000e+02 5.527182909858476823e-01
1.040000000000000000e+02 5.654121343879767725e-01
1.050000000000000000e+02 5.631294429307368565e-01
1.060000000000000000e+02 5.505023213504477431e-01
1.070000000000000000e+02 5.683264943248714784e-01
1.080000000000000000e+02 5.775449851299332416e-01
1.090000000000000000e+02 5.796543483573255440e-01
1.100000000000000000e+02 5.656664343803451400e-01
1.110000000000000000e+02 5.731726961763807804e-01
1.120000000000000000e+02 5.927204967162212901e-01
1.130000000000000000e+02 6.085322748997181730e-01
1.140000000000000000e+02 6.283848282777467764e-01
1.150000000000000000e+02 6.417978635561245593e-01
1.160000000000000000e+02 6.426631790502710384e-01
1.170000000000000000e+02 6.375182649212036701e-01
1.180000000000000000e+02 6.374217910106605434e-01
1.190000000000000000e+02 6.617607087198200677e-01
1.200000000000000000e+02 6.536126977224865353e-01
1.210000000000000000e+02 6.489771624653639659e-01
1.220000000000000000e+02 6.486487880670372963e-01
1.230000000000000000e+02 6.737863590224806298e-01
1.240000000000000000e+02 6.918521060537844436e-01
1.250000000000000000e+02 7.311457920249493370e-01
1.260000000000000000e+02 7.342937835755634080e-01
1.270000000000000000e+02 6.926298134211779089e-01
1.280000000000000000e+02 6.886303844306363997e-01
1.290000000000000000e+02 6.879831870054051723e-01
1.300000000000000000e+02 7.155406994516793073e-01
1.310000000000000000e+02 7.188912074474115288e-01
1.320000000000000000e+02 7.056574265197570472e-01
1.330000000000000000e+02 7.101442414179024443e-01
1.340000000000000000e+02 6.825634764741034255e-01
1.350000000000000000e+02 7.412418149083646046e-01
1.360000000000000000e+02 7.700494288305267387e-01
1.370000000000000000e+02 7.794217698988367138e-01
1.380000000000000000e+02 7.611049485341041532e-01
1.390000000000000000e+02 7.415452501441552879e-01
1.400000000000000000e+02 7.535828161848947548e-01
1.410000000000000000e+02 7.179495878271895393e-01
1.420000000000000000e+02 7.083267517855835749e-01
1.430000000000000000e+02 7.650104042952043937e-01
1.440000000000000000e+02 8.402946938168851521e-01
1.450000000000000000e+02 8.697516258746584850e-01
1.460000000000000000e+02 8.144935646566088261e-01
1.470000000000000000e+02 7.931118039868972902e-01
1.480000000000000000e+02 8.014862968858145198e-01
1.490000000000000000e+02 7.855632375541894419e-01
1.500000000000000000e+02 7.585048199026482862e-01
1.510000000000000000e+02 7.657582947110636029e-01
1.520000000000000000e+02 7.942497266431790548e-01
1.530000000000000000e+02 8.198343695960008670e-01
1.540000000000000000e+02 8.801644980992516798e-01
1.550000000000000000e+02 8.687442943902297099e-01
1.560000000000000000e+02 8.736682392031631661e-01
1.570000000000000000e+02 8.350218258636022961e-01
1.580000000000000000e+02 8.829032717848971368e-01
1.590000000000000000e+02 8.886460963031771465e-01
1.600000000000000000e+02 8.983951175089928132e-01
1.610000000000000000e+02 9.023352585930444203e-01
1.620000000000000000e+02 9.205848444413898823e-01
1.630000000000000000e+02 9.232079233134242724e-01
1.640000000000000000e+02 8.575682796436689959e-01
1.650000000000000000e+02 9.219316433002259226e-01
1.660000000000000000e+02 9.075529033539488921e-01
1.670000000000000000e+02 9.139691107664624781e-01
1.680000000000000000e+02 9.065875882598275481e-01
1.690000000000000000e+02 9.620034073831623678e-01
1.700000000000000000e+02 9.965892407034365741e-01
1.710000000000000000e+02 9.807363127538778480e-01
1.720000000000000000e+02 9.880679802576566306e-01
1.730000000000000000e+02 1.010618689939999593e+00
1.740000000000000000e+02 1.009270374163846018e+00
1.750000000000000000e+02 9.864924489928268425e-01
1.760000000000000000e+02 9.499016643751764244e-01
1.770000000000000000e+02 9.395339861974486562e-01
1.780000000000000000e+02 9.640961293454044512e-01
1.790000000000000000e+02 9.647932926354755301e-01
1.800000000000000000e+02 9.852647250552214464e-01
1.810000000000000000e+02 9.879208133977929185e-01
1.820000000000000000e+02 1.011454383601104290e+00
1.830000000000000000e+02 1.004507680164561156e+00
1.840000000000000000e+02 9.760546860550001202e-01
1.850000000000000000e+02 9.769494696349749763e-01
1.860000000000000000e+02 9.816223851672427614e-01
1.870000000000000000e+02 1.002305802882933916e+00
1.880000000000000000e+02 1.019604492421622099e+00
1.890000000000000000e+02 1.034468587888771163e+00
1.900000000000000000e+02 1.055415400756582356e+00
1.910000000000000000e+02 1.010183461640782321e+00
1.920000000000000000e+02 9.828927109246776705e-01
1.930000000000000000e+02 9.411781214358470038e-01
1.940000000000000000e+02 9.544990200551183301e-01
1.950000000000000000e+02 9.388515633604566091e-01
1.960000000000000000e+02 9.717601594959586198e-01
1.970000000000000000e+02 9.891062080866814821e-01
1.980000000000000000e+02 1.019963962474983887e+00
1.990000000000000000e+02 1.008798462532505713e+00
2.000000000000000000e+02 9.994654823575274127e-01
2.010000000000000000e+02 1.019006116755704294e+00
2.020000000000000000e+02 1.015043871201740666e+00
2.030000000000000000e+02 9.997786938045234439e-01
2.040000000000000000e+02 9.748212017378545813e-01
2.050000000000000000e+02 9.851920956398059204e-01
2.060000000000000000e+02 9.915555137229560279e-01
2.070000000000000000e+02 9.914355324334976904e-01
2.080000000000000000e+02 9.979563156140681679e-01
2.090000000000000000e+02 9.913833288403512967e-01
2.100000000000000000e+02 1.000575322556550351e+00
2.110000000000000000e+02 9.933655467196109701e-01
2.120000000000000000e+02 9.996797024623154115e-01
2.130000000000000000e+02 9.857994352698679075e-01
2.140000000000000000e+02 9.900784396272606092e-01
2.150000000000000000e+02 9.913352540677490277e-01
2.160000000000000000e+02 9.849927397468830614e-01
2.170000000000000000e+02 9.839663613204786552e-01
2.180000000000000000e+02 9.811561479270409780e-01
2.190000000000000000e+02 9.592468927697780368e-01
2.200000000000000000e+02 9.489816466836265008e-01
2.210000000000000000e+02 9.537227934363716741e-01
2.220000000000000000e+02 9.593507446364114566e-01
2.230000000000000000e+02 9.450705893214059738e-01
2.240000000000000000e+02 9.334257962500744910e-01
2.250000000000000000e+02 9.518657199765001575e-01
2.260000000000000000e+02 9.596038190107434307e-01
2.270000000000000000e+02 9.537565796293374643e-01
2.280000000000000000e+02 9.511729363559087158e-01
2.290000000000000000e+02 9.063481452721788845e-01
2.300000000000000000e+02 9.186493010263401260e-01
2.310000000000000000e+02 8.911740184181390356e-01
2.320000000000000000e+02 9.171569811123243543e-01
2.330000000000000000e+02 8.961485913404281245e-01
2.340000000000000000e+02 8.906954247226959165e-01
2.350000000000000000e+02 8.769630937886920830e-01
2.360000000000000000e+02 8.746976275859855710e-01
2.370000000000000000e+02 8.662620536292016116e-01
2.380000000000000000e+02 8.742974728401715634e-01
2.390000000000000000e+02 8.560654808134288141e-01
2.400000000000000000e+02 8.477281706878736500e-01
2.410000000000000000e+02 8.297846329076460359e-01
2.420000000000000000e+02 8.262222069078486442e-01
2.430000000000000000e+02 8.238780102452238907e-01
2.440000000000000000e+02 8.494246109197757244e-01
2.450000000000000000e+02 8.359566648310696735e-01
2.460000000000000000e+02 8.307036801199576548e-01
2.470000000000000000e+02 8.207950998341223547e-01
2.480000000000000000e+02 8.412359174538005524e-01
2.490000000000000000e+02 8.311737703388979437e-01
2.500000000000000000e+02 7.788152297086303744e-01
2.510000000000000000e+02 7.424385201166526782e-01
2.520000000000000000e+02 7.233255436651544468e-01
2.530000000000000000e+02 7.318718514726728630e-01
2.540000000000000000e+02 7.565859658878798522e-01
2.550000000000000000e+02 7.856763298960558473e-01
2.560000000000000000e+02 7.846352049034192033e-01
2.570000000000000000e+02 7.802944142062665511e-01
2.580000000000000000e+02 7.528953528367887671e-01
2.590000000000000000e+02 7.525556218503715034e-01
2.600000000000000000e+02 7.239149289770532292e-01
2.610000000000000000e+02 7.360615019531252523e-01
2.620000000000000000e+02 6.880520608852505049e-01
2.630000000000000000e+02 6.727323648262872879e-01
2.640000000000000000e+02 6.433046156980056773e-01
2.650000000000000000e+02 6.141436671291631288e-01
2.660000000000000000e+02 6.134160431560050641e-01
2.670000000000000000e+02 6.116559830119580043e-01
2.680000000000000000e+02 6.070943716155079439e-01
2.690000000000000000e+02 5.428742643655358746e-01
2.700000000000000000e+02 5.104762052341595968e-01
2.710000000000000000e+02 5.472443540518805438e-01
2.720000000000000000e+02 5.717964332318394849e-01
2.730000000000000000e+02 6.364479766175967779e-01
2.740000000000000000e+02 6.480132580261600550e-01
2.750000000000000000e+02 6.439017774699924423e-01
2.760000000000000000e+02 6.475967365231665163e-01
2.770000000000000000e+02 5.931343195266269852e-01
2.780000000000000000e+02 6.624379962748749850e-01
2.790000000000000000e+02 7.182587655222787415e-01
2.800000000000000000e+02 5.042386831275719183e-01
2.810000000000000000e+02 4.503265306122449796e-01
2.820000000000000000e+02 1.292975206611568506e-01
2.830000000000000000e+02 1.961983471074380259e-01
