3.250000000000000000e+01 6.128000000000000114e+01 7.146803481277486103e-01
3.350000000000000000e+01 1.962499999999999645e+01 3.663454440483735475e-01
3.450000000000000000e+01 5.444444444444442865e+01 1.123034977963017766e+00
3.550000000000000000e+01 1.154629629629629477e+02 5.885304566651552438e-01
3.650000000000000000e+01 1.115946745562129792e+02 4.687417179455780070e-01
3.750000000000000000e+01 9.396020761245674180e+01 6.990581881873195735e-01
3.850000000000000000e+01 8.701594387755102389e+01 2.322269015339475107e-01
3.950000000000000000e+01 1.057555371900826913e+02 1.785265187538495057e-01
4.050000000000000000e+01 1.017564738292010844e+02 1.466352727442322423e-01
4.150000000000000000e+01 1.198588728733459448e+02 1.951699312498625938e-01
4.250000000000000000e+01 1.115841152263374454e+02 1.780150087904720790e-01
4.350000000000000000e+01 9.143252265613762120e+01 1.854902261760019988e-01
4.450000000000000000e+01 9.626116044697670304e+01 6.923587654406221370e-02
4.550000000000000000e+01 9.089608071124177968e+01 1.294910299959429190e-01
4.650000000000000000e+01 8.267062270317867956e+01 2.410000712284648960e-01
4.750000000000000000e+01 9.242367742599216740e+01 1.256755448956727861e-01
4.850000000000000000e+01 1.024728680002246790e+02 7.783501855721378093e-02
4.950000000000000000e+01 1.061859183509476594e+02 8.469699536617777968e-02
5.050000000000000000e+01 1.081123002896130885e+02 1.038173923099499490e-01
5.150000000000000000e+01 1.097947056199334099e+02 9.493245161525695752e-02
5.250000000000000000e+01 1.129152809198858876e+02 5.098765818238119862e-02
5.350000000000000000e+01 1.167043033483340082e+02 5.372121976558735107e-02
5.450000000000000000e+01 1.189491863533001776e+02 1.244152670956706480e-01
5.550000000000000000e+01 1.193657423641328137e+02 8.556711503850811251e-02
5.650000000000000000e+01 1.202451222611157249e+02 4.400220545536604605e-02
5.750000000000000000e+01 1.202514767635638009e+02 1.221588372489268021e-01
5.850000000000000000e+01 1.226883877569746204e+02 1.198351304270026951e-01
5.950000000000000000e+01 1.246038849828777160e+02 5.755604208463452331e-02
6.050000000000000000e+01 1.259738993011853836e+02 4.801133103012286685e-02
6.150000000000000000e+01 1.260918749960014082e+02 7.785097898145365569e-02
6.250000000000000000e+01 1.281678567796220136e+02 1.146425428908377786e-01
6.350000000000000000e+01 1.255601559944065002e+02 1.162446323952118915e-01
6.450000000000000000e+01 1.292757280246913751e+02 7.418319623086400139e-02
6.550000000000000000e+01 1.358112208716515852e+02 6.057643102383737654e-02
6.650000000000000000e+01 1.347403330527061200e+02 8.069019973520473454e-02
6.750000000000000000e+01 1.361610764346568772e+02 7.911028181735393905e-02
6.850000000000000000e+01 1.367919377367606160e+02 8.887685884830626160e-02
6.950000000000000000e+01 1.393229056697254009e+02 1.184011123792216014e-01
7.050000000000000000e+01 1.453780577500133973e+02 1.029212594847541268e-01
7.150000000000000000e+01 1.489971918045883115e+02 1.018975779783067165e-01
7.250000000000000000e+01 1.487017060691512995e+02 8.912044494275751794e-02
7.350000000000000000e+01 1.486704385904409662e+02 6.081940578879621584e-02
7.450000000000000000e+01 1.499220095816442608e+02 7.399356979188288774e-02
7.550000000000000000e+01 1.532176657892595415e+02 1.010843696344092962e-01
7.650000000000000000e+01 1.561640979875522817e+02 9.161330191419422841e-02
7.750000000000000000e+01 1.576840191095259911e+02 9.788139315137291130e-02
7.850000000000000000e+01 1.599223909801388857e+02 9.195794225868016147e-02
7.950000000000000000e+01 1.603724140499126918e+02 6.840051721156546749e-02
8.050000000000000000e+01 1.607707206407003184e+02 1.124362412675091738e-01
8.150000000000000000e+01 1.651411394494808462e+02 1.082220822525525733e-01
8.250000000000000000e+01 1.697047056727760719e+02 9.118390184376086449e-02
8.350000000000000000e+01 1.696661204941859467e+02 1.166626895725899477e-01
8.450000000000000000e+01 1.678683518363971814e+02 1.172047644006832812e-01
8.550000000000000000e+01 1.704438370007533479e+02 1.187221956756639579e-01
8.650000000000000000e+01 1.745200577634813897e+02 1.141215688220755253e-01
8.750000000000000000e+01 1.785779040734503837e+02 9.451474798354687901e-02
8.850000000000000000e+01 1.783026001307775346e+02 1.079989429569386955e-01
8.950000000000000000e+01 1.803962314578716644e+02 1.117077417772279202e-01
9.050000000000000000e+01 1.844737414819946366e+02 1.204076053384819794e-01
9.150000000000000000e+01 1.866183099500970002e+02 1.284813356565593645e-01
9.250000000000000000e+01 1.881995924858246383e+02 9.315744594803306022e-02
9.350000000000000000e+01 1.937646402106047105e+02 3.642670143797561988e-02
9.450000000000000000e+01 2.031269026703005522e+02 7.258767039991963210e-02
9.550000000000000000e+01 2.045436224483521812e+02 1.474413338677006413e-01
9.650000000000000000e+01 2.001706580013839982e+02 1.289124104618082911e-01
9.750000000000000000e+01 2.011854872231547233e+02 1.301420673100598391e-01
9.850000000000000000e+01 2.105768726220751432e+02 2.492139536013529555e-01
9.950000000000000000e+01 2.154303438689591701e+02 2.120386146186125087e-01
1.005000000000000000e+02 2.090622895043110248e+02 1.032375433358382055e-01
1.015000000000000000e+02 2.062441194402595670e+02 1.140234094882122962e-01
1.025000000000000000e+02 2.119667219935615776e+02 1.062184826943977367e-01
1.035000000000000000e+02 2.185753251321026767e+02 1.091080367928272399e-01
1.045000000000000000e+02 2.226210198298311411e+02 1.359223909936187469e-01
1.055000000000000000e+02 2.228318499493706497e+02 1.603193354551572247e-01
1.065000000000000000e+02 2.258300232603234861e+02 8.601608199106594577e-02
1.075000000000000000e+02 2.347738480697895227e+02 5.245161296374988708e-02
1.085000000000000000e+02 2.354046196591648368e+02 1.108687994277681305e-01
1.095000000000000000e+02 2.312275378970550150e+02 1.320987371286020395e-01
1.105000000000000000e+02 2.308250420644762357e+02 1.230196276279496015e-01
1.115000000000000000e+02 2.386216288318624947e+02 8.440231395048984619e-02
1.125000000000000000e+02 2.446329316202738369e+02 9.538115131662497359e-02
1.135000000000000000e+02 2.435737344661569637e+02 1.649627303841763593e-01
1.145000000000000000e+02 2.480944199839854321e+02 1.923988021838121398e-01
1.155000000000000000e+02 2.511389996703247505e+02 2.011823148747887147e-01
1.165000000000000000e+02 2.515274195223279321e+02 1.632939845867048545e-01
1.175000000000000000e+02 2.595074575469522529e+02 1.147864952342461248e-01
1.185000000000000000e+02 2.635852169808372309e+02 1.030663845169322440e-01
1.195000000000000000e+02 2.692457845805565171e+02 9.428606548121412634e-02
1.205000000000000000e+02 2.709707873977492909e+02 1.194112869332428911e-01
1.215000000000000000e+02 2.677704729936378953e+02 2.085350622664204068e-01
1.225000000000000000e+02 2.704435186974138787e+02 2.066914488463139077e-01
1.235000000000000000e+02 2.738677703119054740e+02 1.542293547188176295e-01
1.245000000000000000e+02 2.826533261858272112e+02 1.429557776379049294e-01
1.255000000000000000e+02 2.821179046981393981e+02 1.331015046371629706e-01
1.265000000000000000e+02 2.780124724213836203e+02 1.781363876305726013e-01
1.275000000000000000e+02 2.747216712081389574e+02 2.499111287343850629e-01
1.285000000000000000e+02 2.804683905288743517e+02 1.820850026315724013e-01
1.295000000000000000e+02 3.018119323129051850e+02 3.059765935710119511e-02
1.305000000000000000e+02 3.022559874647464540e+02 6.334065811843780924e-02
1.315000000000000000e+02 3.023249039899844774e+02 1.073166636026870041e-01
1.325000000000000000e+02 2.991059110978064268e+02 1.424912319929783899e-01
1.335000000000000000e+02 3.005842376306536039e+02 1.274664375356872603e-01
1.345000000000000000e+02 3.114201646412817581e+02 1.118902587792166559e-01
1.355000000000000000e+02 3.115618545469945389e+02 1.194319497143763870e-01
1.365000000000000000e+02 3.201447533850168838e+02 6.879463745214477177e-02
1.375000000000000000e+02 3.313862104374728119e+02 7.525597936445159453e-02
1.385000000000000000e+02 3.312972776180138226e+02 4.684373602680880905e-02
1.395000000000000000e+02 3.259974091721463196e+02 1.489721350453585558e-01
1.405000000000000000e+02 3.220178811254178868e+02 2.187817262784570727e-01
1.415000000000000000e+02 3.234926749330372786e+02 1.386037267377699944e-01
1.425000000000000000e+02 3.361756873577888882e+02 1.207703588961514668e-01
1.435000000000000000e+02 3.539940213964291615e+02 5.904899116445112145e-02
1.445000000000000000e+02 3.568933953658487894e+02 6.885161629494693236e-02
1.455000000000000000e+02 3.419025657148220034e+02 7.393610941579027707e-02
1.465000000000000000e+02 3.450827448446024732e+02 5.329526151202621659e-02
1.475000000000000000e+02 3.569366442314413916e+02 1.049957412883670976e-01
1.485000000000000000e+02 3.595021672296966813e+02 1.300483430598912693e-01
1.495000000000000000e+02 3.491182801381465310e+02 1.133449100055816672e-01
1.505000000000000000e+02 3.424887640934449564e+02 1.241422065808867187e-01
1.515000000000000000e+02 3.348486696628633013e+02 2.112284209514618538e-01
1.525000000000000000e+02 3.363143320351694001e+02 1.917694087581173212e-01
1.535000000000000000e+02 3.518978892163909791e+02 7.998973881511255157e-02
1.545000000000000000e+02 3.633389593832088167e+02 7.621785564780621247e-02
1.555000000000000000e+02 3.598336278436046314e+02 7.183025167661827304e-02
1.565000000000000000e+02 3.656816218413077308e+02 3.959245950558288457e-02
1.575000000000000000e+02 3.642697492202757985e+02 8.951804708152143186e-02
1.585000000000000000e+02 3.670975901128342116e+02 7.671184909312941946e-02
1.595000000000000000e+02 3.775073003218587360e+02 1.286332844830274658e-01
1.605000000000000000e+02 3.806435094039350133e+02 1.456586621984335972e-01
1.615000000000000000e+02 3.945112602738073520e+02 5.875070177541821814e-02
1.625000000000000000e+02 3.857675315595563461e+02 4.819329012137520823e-02
1.635000000000000000e+02 3.662119909550010561e+02 6.546156099771871517e-02
1.645000000000000000e+02 3.709400154846739497e+02 7.769695735026435623e-02
1.655000000000000000e+02 3.887223871733685314e+02 7.443941245258420270e-02
1.665000000000000000e+02 3.854712712110069788e+02 7.213336131521877470e-02
1.675000000000000000e+02 3.768208538481179630e+02 7.685649041672278081e-02
1.685000000000000000e+02 3.820057818735058959e+02 1.225909593866463115e-01
1.695000000000000000e+02 3.936731944368699487e+02 1.434097676345940098e-01
1.705000000000000000e+02 3.942654621030579278e+02 1.004507051670284756e-01
1.715000000000000000e+02 3.877538003264056670e+02 9.931661525097776333e-02
1.725000000000000000e+02 3.864239781256619040e+02 5.169393425897864797e-02
1.735000000000000000e+02 3.929497318406714612e+02 3.356131277355785952e-02
1.745000000000000000e+02 3.862815653382393748e+02 2.804642997148291614e-02
1.755000000000000000e+02 3.842124119505303952e+02 7.698583692620294960e-02
1.765000000000000000e+02 3.924170815228393394e+02 9.013486437628269454e-02
1.775000000000000000e+02 3.998466095292648674e+02 1.195068495881589921e-01
1.785000000000000000e+02 3.978350893159569068e+02 9.099757628112492558e-02
1.795000000000000000e+02 3.927145948973919758e+02 5.160305509777142474e-02
1.805000000000000000e+02 3.981205766662246219e+02 1.020138608757319015e-01
1.815000000000000000e+02 4.016519907265714551e+02 1.573352615525048515e-01
1.825000000000000000e+02 4.023131540566473063e+02 5.249098327471627551e-02
1.835000000000000000e+02 4.035712751242025433e+02 6.748026029235643097e-02
1.845000000000000000e+02 4.036018923852236640e+02 1.168765696739826332e-01
1.855000000000000000e+02 4.110695018353891328e+02 4.523078747757158791e-02
1.865000000000000000e+02 4.130714883479899981e+02 7.758413118933570052e-02
1.875000000000000000e+02 4.054472322862469582e+02 1.457355356221219089e-01
1.885000000000000000e+02 4.002496446125519469e+02 1.312239597772840438e-01
1.895000000000000000e+02 4.054204182084346826e+02 1.102716854429934557e-01
1.905000000000000000e+02 4.073301644532918431e+02 1.130153909540639046e-01
1.915000000000000000e+02 3.974755123845466755e+02 1.081900225877900773e-01
1.925000000000000000e+02 3.998450890868654142e+02 1.299672834096596008e-01
1.935000000000000000e+02 4.003630096613490537e+02 1.319071286215082461e-01
1.945000000000000000e+02 3.902437483843384598e+02 7.769745642961517484e-02
1.955000000000000000e+02 3.948516307275091890e+02 9.841181681341854004e-02
1.965000000000000000e+02 4.011596223767395486e+02 8.404888364751379737e-02
1.975000000000000000e+02 3.923341355816596092e+02 7.238594769744659263e-02
1.985000000000000000e+02 3.922780796135564856e+02 1.448889638994320106e-01
1.995000000000000000e+02 3.906792663037161333e+02 1.957222874862746820e-01
2.005000000000000000e+02 3.908026092422721831e+02 1.768266712499616533e-01
2.015000000000000000e+02 3.992311281513639187e+02 1.175553094314989028e-01
2.025000000000000000e+02 3.976363746343773187e+02 1.166104966105751817e-01
2.035000000000000000e+02 3.968782235321206144e+02 1.073315766171897556e-01
2.045000000000000000e+02 3.961249589706122833e+02 1.191063507300438445e-01
2.055000000000000000e+02 3.931616634047149432e+02 1.487151562469261057e-01
2.065000000000000000e+02 3.962775250882022533e+02 1.438778423779286664e-01
2.075000000000000000e+02 3.948961015565396337e+02 1.400913364629305935e-01
2.085000000000000000e+02 3.923264365439463859e+02 1.501073574468136385e-01
2.095000000000000000e+02 3.950726450649323169e+02 1.452088190796619049e-01
2.105000000000000000e+02 3.969572025076633963e+02 1.188530456114989808e-01
2.115000000000000000e+02 3.939334847896695919e+02 8.539942826228098804e-02
2.125000000000000000e+02 3.920119712760832158e+02 1.062733480176895617e-01
2.135000000000000000e+02 3.935238800996635291e+02 1.663863214505835741e-01
2.145000000000000000e+02 3.917632985278069668e+02 1.835453813525727840e-01
2.155000000000000000e+02 3.882541727403936420e+02 1.984829329187342561e-01
2.165000000000000000e+02 3.865105396824952777e+02 2.126691303347560957e-01
2.175000000000000000e+02 3.879064941614320787e+02 1.882701512162798518e-01
2.185000000000000000e+02 3.869656876489323167e+02 1.779512144439377996e-01
2.195000000000000000e+02 3.859007147865698357e+02 1.583382402852835658e-01
2.205000000000000000e+02 3.876363339419389149e+02 1.195817184575946601e-01
2.215000000000000000e+02 3.828080431108958237e+02 1.769466348357697782e-01
2.225000000000000000e+02 3.805734975854566073e+02 2.104501463324612298e-01
2.235000000000000000e+02 3.820427391783770190e+02 1.816754732769905734e-01
2.245000000000000000e+02 3.826350760206198061e+02 1.982103562334249225e-01
2.255000000000000000e+02 3.816262194522488471e+02 2.051404760437748054e-01
2.265000000000000000e+02 3.780526223397081935e+02 2.077698677944672390e-01
2.275000000000000000e+02 3.722719114210373164e+02 1.871900435422931552e-01
2.285000000000000000e+02 3.711777562043702687e+02 1.614651387273822736e-01
2.295000000000000000e+02 3.680371025046359250e+02 1.628394899220078351e-01
2.305000000000000000e+02 3.666758614065279858e+02 1.698781921048273802e-01
2.315000000000000000e+02 3.683885786054001414e+02 1.989577478247456233e-01
2.325000000000000000e+02 3.651492617597449453e+02 2.231359610515852299e-01
2.335000000000000000e+02 3.645169253412683474e+02 2.254995860359332305e-01
2.345000000000000000e+02 3.589257521720952582e+02 1.928436547554839009e-01
2.355000000000000000e+02 3.540436100139935434e+02 2.144312128552808283e-01
2.365000000000000000e+02 3.507918856993190388e+02 2.281717229928698909e-01
2.375000000000000000e+02 3.506430379483101660e+02 2.011816769739433186e-01
2.385000000000000000e+02 3.456053806224731488e+02 1.911499435713289174e-01
2.395000000000000000e+02 3.366201434328359028e+02 1.946842530785878600e-01
2.405000000000000000e+02 3.343801308428261336e+02 2.203310393302041759e-01
2.415000000000000000e+02 3.331694101094828397e+02 2.429651317176250991e-01
2.425000000000000000e+02 3.317635987464521463e+02 2.654524783359301643e-01
2.435000000000000000e+02 3.315682022836246006e+02 2.612239280448876433e-01
2.445000000000000000e+02 3.288837554805039645e+02 2.344317821846930716e-01
2.455000000000000000e+02 3.199624318722253520e+02 2.474337841664161763e-01
2.465000000000000000e+02 3.184961832027191804e+02 2.768814192160393151e-01
2.475000000000000000e+02 3.242304985384336646e+02 2.678578934714860305e-01
2.485000000000000000e+02 3.170686894921290673e+02 2.822457990130648464e-01
2.495000000000000000e+02 3.072226023894627360e+02 2.700423761935185629e-01
2.505000000000000000e+02 3.032210714949886210e+02 2.052437810955403397e-01
2.515000000000000000e+02 2.976011613892408718e+02 2.060405682218760803e-01
2.525000000000000000e+02 2.977581808666834036e+02 2.928307275828547218e-01
2.535000000000000000e+02 2.992833479615118222e+02 2.844185450988240271e-01
2.545000000000000000e+02 2.945457684107493037e+02 2.430939503138567492e-01
2.555000000000000000e+02 2.925071570685811935e+02 2.434039520556183500e-01
2.565000000000000000e+02 2.910170641404685057e+02 2.748371996236971260e-01
2.575000000000000000e+02 2.872616295470520527e+02 2.623343802439203065e-01
2.585000000000000000e+02 2.830838586337829383e+02 1.963010301036649807e-01
2.595000000000000000e+02 2.842395910706143809e+02 2.245527166891534698e-01
2.605000000000000000e+02 2.769593618336702434e+02 2.880737746941849364e-01
2.615000000000000000e+02 2.649480900702102417e+02 2.733087801240222103e-01
2.625000000000000000e+02 2.574073354962648068e+02 2.572057121589889639e-01
2.635000000000000000e+02 2.504651227288374571e+02 3.078997701312074509e-01
2.645000000000000000e+02 2.510536278077925942e+02 3.047557756935910800e-01
2.655000000000000000e+02 2.472654661121709694e+02 2.757286637160373255e-01
2.665000000000000000e+02 2.391462565279359183e+02 1.052860111094065659e-01
2.675000000000000000e+02 2.350800734267439509e+02 1.471828386233341168e-01
2.685000000000000000e+02 2.323192900525797313e+02 2.451577690409586230e-01
2.695000000000000000e+02 2.226096460405217101e+02 1.973149242339171106e-01
2.705000000000000000e+02 2.177608581379306827e+02 2.872462019262718713e-01
2.715000000000000000e+02 2.140542346601911845e+02 3.044661365360666894e-01
2.725000000000000000e+02 2.196984047887793281e+02 2.940832540421119412e-01
2.735000000000000000e+02 2.339745636284668819e+02 1.437775155577562247e-01
2.745000000000000000e+02 2.249898978814206032e+02 9.242429558334568085e-02
2.755000000000000000e+02 2.111619993682535892e+02 2.787355175299141563e-02
2.765000000000000000e+02 2.052124061058837867e+02 5.512862254559579289e-02
2.775000000000000000e+02 1.968329484368025248e+02 2.221114105865488186e-01
2.785000000000000000e+02 1.694719921875000352e+02 6.392559669343306217e-02
2.795000000000000000e+02 2.045035780805803540e+02 4.298288181916503636e-01
2.805000000000000000e+02 2.564342488684977752e+02 3.394584904307602624e-01
2.815000000000000000e+02 1.929792592592592939e+02 4.855702769189693679e-01
2.825000000000000000e+02 7.633727810650893275e+01 3.967388924800330230e-01
2.835000000000000000e+02 1.794625445897741542e+02 2.122839585087747949e+00
2.845000000000000000e+02 2.892500000000000000e+02 3.823079633158290580e+00
2.855000000000000000e+02 6.293877551020406713e+01 1.332618682558095236e+00
2.865000000000000000e+02 8.703999999999997783e+01 1.551731935612591817e+00
2.875000000000000000e+02 0.000000000000000000e+00 0.000000000000000000e+00
2.885000000000000000e+02 1.756250000000000000e+02 9.923289761339220139e-01
2.895000000000000000e+02 2.300000000000000000e+02 1.282735419426001888e+00
