3.250000000000000000e+01 1.272384374186428069e+01 7.995331618701336795e-01
3.350000000000000000e+01 1.113733896464250073e+01 5.142474386258636398e-01
3.450000000000000000e+01 1.032313862666240922e+01 1.231047322936480448e+00
3.550000000000000000e+01 9.852018404601912138e+00 8.828700606418158348e-01
3.650000000000000000e+01 9.291826969841423534e+00 7.677291610335106320e-01
3.750000000000000000e+01 8.591394824513200135e+00 7.886072314087230195e-01
3.850000000000000000e+01 7.929777790216654410e+00 3.825136173100793235e-01
3.950000000000000000e+01 7.561175716535068148e+00 2.538604859371206279e-01
4.050000000000000000e+01 7.032052060688464223e+00 1.886331300510717401e-01
4.150000000000000000e+01 6.795053306103424617e+00 2.789907721239509586e-01
4.250000000000000000e+01 6.374898635236608158e+00 2.419583564873016845e-01
4.350000000000000000e+01 5.784589229019512224e+00 2.457421102319727046e-01
4.450000000000000000e+01 5.441918548361511121e+00 9.287596911533262112e-02
4.550000000000000000e+01 5.011818882321640523e+00 1.574539417417640808e-01
4.650000000000000000e+01 4.511795187701336474e+00 2.631477896516725701e-01
4.750000000000000000e+01 4.233831118286993878e+00 1.587579719232898035e-01
4.850000000000000000e+01 4.008867369069483821e+00 1.107267248568045287e-01
4.950000000000000000e+01 3.755413494035456878e+00 1.097998756522105684e-01
5.050000000000000000e+01 3.505439708304667334e+00 1.089932545643447631e-01
5.150000000000000000e+01 3.262468256357142771e+00 1.050842838473241003e-01
5.250000000000000000e+01 3.040328023743296804e+00 6.749123950397332983e-02
5.350000000000000000e+01 2.840347681520418277e+00 6.719364978428497837e-02
5.450000000000000000e+01 2.642590644600549155e+00 1.365966045137255447e-01
5.550000000000000000e+01 2.441470454491639686e+00 1.048901190588275856e-01
5.650000000000000000e+01 2.258493442077464053e+00 5.736106234343994054e-02
5.750000000000000000e+01 2.081922732792668818e+00 1.265453624489939477e-01
5.850000000000000000e+01 1.938239034073980349e+00 1.292364857524934130e-01
5.950000000000000000e+01 1.800239881553781451e+00 6.888254294711601555e-02
6.050000000000000000e+01 1.667178041365992236e+00 5.586990682163715111e-02
6.150000000000000000e+01 1.533229954975318776e+00 8.738332171320799258e-02
6.250000000000000000e+01 1.423110482803780386e+00 1.224847689823051755e-01
6.350000000000000000e+01 1.281061592085015022e+00 1.236858422468424396e-01
6.450000000000000000e+01 1.195909100824392723e+00 8.286223088980654294e-02
6.550000000000000000e+01 1.144116472625634984e+00 7.013467343980586688e-02
6.650000000000000000e+01 1.042482776436781222e+00 9.063709845455061864e-02
6.750000000000000000e+01 9.661853306683401144e-01 8.511086644559012759e-02
6.850000000000000000e+01 8.919246133341669491e-01 9.070065566968540938e-02
6.950000000000000000e+01 8.366200333529150157e-01 1.221625999276439722e-01
7.050000000000000000e+01 8.133416881458384040e-01 1.072432585565685631e-01
7.150000000000000000e+01 7.783248130942332921e-01 1.097743252170376854e-01
7.250000000000000000e+01 7.213737679784397727e-01 9.488522682459518687e-02
7.350000000000000000e+01 6.731400135374752125e-01 6.383434445920289912e-02
7.450000000000000000e+01 6.390615907474828106e-01 7.608501471283389550e-02
7.550000000000000000e+01 6.226170235415491305e-01 1.029583268008891217e-01
7.650000000000000000e+01 6.071920940997372895e-01 9.734564035213424948e-02
7.750000000000000000e+01 5.855459970865606323e-01 1.007525985647456379e-01
7.850000000000000000e+01 5.722579613305978086e-01 9.493480278682649154e-02
7.950000000000000000e+01 5.518090807760582805e-01 6.979761760490253708e-02
8.050000000000000000e+01 5.350940722106241054e-01 1.142924050854839113e-01
8.150000000000000000e+01 5.467048785619059714e-01 1.096128540630173093e-01
8.250000000000000000e+01 5.635171669187624133e-01 9.207448528289767509e-02
8.350000000000000000e+01 5.563416100480527149e-01 1.172354450393506137e-01
8.450000000000000000e+01 5.404435160316136688e-01 1.210457779465994171e-01
8.550000000000000000e+01 5.544757301255707205e-01 1.232712675274858505e-01
8.650000000000000000e+01 5.813358759706961365e-01 1.165349902396425885e-01
8.750000000000000000e+01 6.092926722479674595e-01 9.567944736488785684e-02
8.850000000000000000e+01 6.154722367001159711e-01 1.101817122966194246e-01
8.950000000000000000e+01 6.391328615898785870e-01 1.120362603283212577e-01
9.050000000000000000e+01 6.752124094368792129e-01 1.233068160358694043e-01
9.150000000000000000e+01 7.016277895685103516e-01 1.330096064321012461e-01
9.250000000000000000e+01 7.291383414354672965e-01 9.562025554958991647e-02
9.350000000000000000e+01 7.799781705996196024e-01 4.041133354081171553e-02
9.450000000000000000e+01 8.469934970627956972e-01 7.867625306452107059e-02
9.550000000000000000e+01 8.733988100342671146e-01 1.501899428330670250e-01
9.650000000000000000e+01 8.737555501064182550e-01 1.354436439697056793e-01
9.750000000000000000e+01 9.026002846705711846e-01 1.324473034104564906e-01
9.850000000000000000e+01 9.732832620364408882e-01 2.543605575037123923e-01
9.950000000000000000e+01 1.023351891907440248e+00 2.155267460970364257e-01
1.005000000000000000e+02 1.022631845934265371e+00 1.034933236522149747e-01
1.015000000000000000e+02 1.040694488308131938e+00 1.162063803367601039e-01
1.025000000000000000e+02 1.103075738665802774e+00 1.105975768498410339e-01
1.035000000000000000e+02 1.169870285709700752e+00 1.153826352052613746e-01
1.045000000000000000e+02 1.223992764450668957e+00 1.451903059835880638e-01
1.055000000000000000e+02 1.261427411726829817e+00 1.678526289408815153e-01
1.065000000000000000e+02 1.312179794918913345e+00 9.009916119628753883e-02
1.075000000000000000e+02 1.388329774655764126e+00 5.678506563326571333e-02
1.085000000000000000e+02 1.427148913510047024e+00 1.159946395781382283e-01
1.095000000000000000e+02 1.445763208894041085e+00 1.399989750238814779e-01
1.105000000000000000e+02 1.480754967280192957e+00 1.363661112714383561e-01
1.115000000000000000e+02 1.549229267676072830e+00 9.332011209641172256e-02
1.125000000000000000e+02 1.608230274992974884e+00 9.686919744336003335e-02
1.135000000000000000e+02 1.634514630547355019e+00 1.671650435925044753e-01
1.145000000000000000e+02 1.681061450784176792e+00 1.940933248848896175e-01
1.155000000000000000e+02 1.724102250181156926e+00 2.076065634153672346e-01
1.165000000000000000e+02 1.758634434490585541e+00 1.688919559574200147e-01
1.175000000000000000e+02 1.822885328161681251e+00 1.190368970332646437e-01
1.185000000000000000e+02 1.873615693426600615e+00 1.090074455217429072e-01
1.195000000000000000e+02 1.931059640904433827e+00 1.018993983243221130e-01
1.205000000000000000e+02 1.969901483418554200e+00 1.222427082563126433e-01
1.215000000000000000e+02 1.987336737616207216e+00 2.191365505487554155e-01
1.225000000000000000e+02 2.025789904855907153e+00 2.122233285618344845e-01
1.235000000000000000e+02 2.066841392178176307e+00 1.693118480330705888e-01
1.245000000000000000e+02 2.128582339222345077e+00 1.480289633928351112e-01
1.255000000000000000e+02 2.158108383074191394e+00 1.378670253502143062e-01
1.265000000000000000e+02 2.172296526394135618e+00 1.870078476819323487e-01
1.275000000000000000e+02 2.185117283826931711e+00 2.553873290967840770e-01
1.285000000000000000e+02 2.228530657523714709e+00 1.890857566587207106e-01
1.295000000000000000e+02 2.323435836614528682e+00 4.000890063608775193e-02
1.305000000000000000e+02 2.344324171958789726e+00 7.446561658711738085e-02
1.315000000000000000e+02 2.362427547863024557e+00 1.168706585400827030e-01
1.325000000000000000e+02 2.368476611466176607e+00 1.582851737672356096e-01
1.335000000000000000e+02 2.387653299991700173e+00 1.397543362043992543e-01
1.345000000000000000e+02 2.434023666952387366e+00 1.257080222907128730e-01
1.355000000000000000e+02 2.442057274224085361e+00 1.332713389349022559e-01
1.365000000000000000e+02 2.475405229754255920e+00 8.347851249705279253e-02
1.375000000000000000e+02 2.513628879668562632e+00 8.737389732815410703e-02
1.385000000000000000e+02 2.512251703670955294e+00 5.385438652769736906e-02
1.395000000000000000e+02 2.494245830728283764e+00 1.533254898778772246e-01
1.405000000000000000e+02 2.481890814659352351e+00 2.300042032824733684e-01
1.415000000000000000e+02 2.484809284480554048e+00 1.521646856780788093e-01
1.425000000000000000e+02 2.518586342933559763e+00 1.322096464125913917e-01
1.435000000000000000e+02 2.565162141298376497e+00 6.611341486068986195e-02
1.445000000000000000e+02 2.568566124052407140e+00 8.354387274238980754e-02
1.455000000000000000e+02 2.518156702517023504e+00 8.104311698550130394e-02
1.465000000000000000e+02 2.515052018318866267e+00 5.646220170768363050e-02
1.475000000000000000e+02 2.535155519356817599e+00 1.156813462677807186e-01
1.485000000000000000e+02 2.527969349464781246e+00 1.343611865910814551e-01
1.495000000000000000e+02 2.479778647606775799e+00 1.199814223799117036e-01
1.505000000000000000e+02 2.437752197336459759e+00 1.267887331657555905e-01
1.515000000000000000e+02 2.390231830585362260e+00 2.196035308386954932e-01
1.525000000000000000e+02 2.368488270905801940e+00 1.950877280321149099e-01
1.535000000000000000e+02 2.387772305484670454e+00 8.918355664777787017e-02
1.545000000000000000e+02 2.394127695656463217e+00 8.271933994863386874e-02
1.555000000000000000e+02 2.357786366295819391e+00 8.035547517340632662e-02
1.565000000000000000e+02 2.344584838726242459e+00 4.391376369996870949e-02
1.575000000000000000e+02 2.308529517079417559e+00 1.046857065128653091e-01
1.585000000000000000e+02 2.283307412157518534e+00 8.071155899194140670e-02
1.595000000000000000e+02 2.278387275308340065e+00 1.332088527891706897e-01
1.605000000000000000e+02 2.252989481539794170e+00 1.539104503462789264e-01
1.615000000000000000e+02 2.253339655661683594e+00 6.254962833591541649e-02
1.625000000000000000e+02 2.193954080126665929e+00 6.719266403063918480e-02
1.635000000000000000e+02 2.105129721122205311e+00 7.663158362013641756e-02
1.645000000000000000e+02 2.081509356749944750e+00 8.195636647774023897e-02
1.655000000000000000e+02 2.089648279761124883e+00 7.635514169092419423e-02
1.665000000000000000e+02 2.037704199912799830e+00 7.938430530194390267e-02
1.675000000000000000e+02 1.969431012741265974e+00 8.797602556273477481e-02
1.685000000000000000e+02 1.939375071736753497e+00 1.276446788859182946e-01
1.695000000000000000e+02 1.927165714367945704e+00 1.482357615984875032e-01
1.705000000000000000e+02 1.886511901481211062e+00 1.073405299137769608e-01
1.715000000000000000e+02 1.826915108134376631e+00 1.069193390418923806e-01
1.725000000000000000e+02 1.779240025476951814e+00 5.756064587627274243e-02
1.735000000000000000e+02 1.750839691553239597e+00 4.397876165399034615e-02
1.745000000000000000e+02 1.688804973928010433e+00 4.759629749161285728e-02
1.755000000000000000e+02 1.639711385658570997e+00 8.579387156830459160e-02
1.765000000000000000e+02 1.616124129958913969e+00 1.003621281073079630e-01
1.775000000000000000e+02 1.589185730592766355e+00 1.256491643874315112e-01
1.785000000000000000e+02 1.539145565830934537e+00 1.004154700656850752e-01
1.795000000000000000e+02 1.480593198429588142e+00 5.945094058195513065e-02
1.805000000000000000e+02 1.449610117794728481e+00 1.059594191002542068e-01
1.815000000000000000e+02 1.415379321931583334e+00 1.622013965661378565e-01
1.825000000000000000e+02 1.373437614499509962e+00 5.469162339204899220e-02
1.835000000000000000e+02 1.332556426323520782e+00 7.557053374678239510e-02
1.845000000000000000e+02 1.288677764375256274e+00 1.221328739739185598e-01
1.855000000000000000e+02 1.263893443193586208e+00 4.871273405059760309e-02
1.865000000000000000e+02 1.225771286357780099e+00 8.189083944249291036e-02
1.875000000000000000e+02 1.161503285082362780e+00 1.476847604386305191e-01
1.885000000000000000e+02 1.101359945596582790e+00 1.350579508580999344e-01
1.895000000000000000e+02 1.069052548819636073e+00 1.165288385033660112e-01
1.905000000000000000e+02 1.031615939472407817e+00 1.220630336020762513e-01
1.915000000000000000e+02 9.654903209397378561e-01 1.161054265676384201e-01
1.925000000000000000e+02 9.289448593672968713e-01 1.374169494968747463e-01
1.935000000000000000e+02 8.887119601070097019e-01 1.414387122855815249e-01
1.945000000000000000e+02 8.221757050204683281e-01 8.140297691546091730e-02
1.955000000000000000e+02 7.929202116838833803e-01 1.024040710464374782e-01
1.965000000000000000e+02 7.691023283584055292e-01 8.760181276131211170e-02
1.975000000000000000e+02 7.082842885892457474e-01 7.601311650663730712e-02
1.985000000000000000e+02 6.698350919986264529e-01 1.507141179002452758e-01
1.995000000000000000e+02 6.276101922734333982e-01 2.011699208181913223e-01
2.005000000000000000e+02 5.903841038220889459e-01 1.888358052883236660e-01
2.015000000000000000e+02 5.749421405328547507e-01 1.257768602088407683e-01
2.025000000000000000e+02 5.357325642592272175e-01 1.219612041673711900e-01
2.035000000000000000e+02 5.010451944260214674e-01 1.125221254516688141e-01
2.045000000000000000e+02 4.674582003323770607e-01 1.256938945032154697e-01
2.055000000000000000e+02 4.283214843390847903e-01 1.523369735061838870e-01
2.065000000000000000e+02 4.058598538045696813e-01 1.476757716720681624e-01
2.075000000000000000e+02 3.738932807095185495e-01 1.444773894595366426e-01
2.085000000000000000e+02 3.395898328334077121e-01 1.551695987838567214e-01
2.095000000000000000e+02 3.191390438796410933e-01 1.479868238932348368e-01
2.105000000000000000e+02 2.968425697346308567e-01 1.251121606776152695e-01
2.115000000000000000e+02 2.629336011696654651e-01 8.692983910993942742e-02
2.125000000000000000e+02 2.334925250712966971e-01 1.087228913140949604e-01
2.135000000000000000e+02 2.145502520547104552e-01 1.749438409517351523e-01
2.145000000000000000e+02 1.889243918570855385e-01 1.906305864589762089e-01
2.155000000000000000e+02 1.600231832878780125e-01 2.037763645896593090e-01
2.165000000000000000e+02 1.369388635471633364e-01 2.209728048802104827e-01
2.175000000000000000e+02 1.234235208312490784e-01 1.950160856613245841e-01
2.185000000000000000e+02 1.055171578752638339e-01 1.811027724461227173e-01
2.195000000000000000e+02 8.955811547212455537e-02 1.635773055952243205e-01
2.205000000000000000e+02 8.183155733218150374e-02 1.255767039839880417e-01
2.215000000000000000e+02 5.756187162720749484e-02 1.802921021220507403e-01
2.225000000000000000e+02 4.239297440577516340e-02 2.144097073344593263e-01
2.235000000000000000e+02 3.896369467433835609e-02 1.836828332325817215e-01
2.245000000000000000e+02 3.422009839477802018e-02 2.007018014261914562e-01
2.255000000000000000e+02 2.751235383427008685e-02 2.088440811843998712e-01
2.265000000000000000e+02 1.644409853035888602e-02 2.110224568456881000e-01
2.275000000000000000e+02 8.720971949873757012e-04 1.908015360947876993e-01
2.285000000000000000e+02 0.000000000000000000e+00 1.639377350379739307e-01
2.295000000000000000e+02 -3.281357137591811579e-03 1.666108655739831357e-01
2.305000000000000000e+02 6.987285877944060530e-04 1.722485990176158555e-01
2.315000000000000000e+02 1.500015944119503786e-02 1.993404790918741065e-01
2.325000000000000000e+02 1.764623198211090482e-02 2.264361497609302665e-01
2.335000000000000000e+02 2.952376581258953081e-02 2.302555323548298172e-01
2.345000000000000000e+02 3.136464452544096559e-02 1.988278419788983287e-01
2.355000000000000000e+02 3.825382636167340422e-02 2.201187589812629852e-01
2.365000000000000000e+02 5.080215628996143096e-02 2.326376436501891853e-01
2.375000000000000000e+02 7.427410979261850343e-02 2.072548135093633948e-01
2.385000000000000000e+02 8.778649423043560773e-02 1.953774416935416813e-01
2.395000000000000000e+02 9.379052349240524222e-02 1.992158046183845621e-01
2.405000000000000000e+02 1.240774901949759368e-01 2.231952628302439068e-01
2.415000000000000000e+02 1.617029591821772527e-01 2.455634709899708890e-01
2.425000000000000000e+02 2.016123722789426864e-01 2.710439577166767200e-01
2.435000000000000000e+02 2.481709748597786813e-01 2.636994361766933359e-01
2.445000000000000000e+02 2.911478750618314848e-01 2.369028544910955769e-01
2.455000000000000000e+02 3.196432765311136848e-01 2.550529886660374279e-01
2.465000000000000000e+02 3.768826118598749275e-01 2.815026754006398901e-01
2.475000000000000000e+02 4.617103176577384005e-01 2.698252981917110271e-01
2.485000000000000000e+02 5.114942562303834706e-01 2.902204884713834865e-01
2.495000000000000000e+02 5.591935947932658024e-01 2.769470064596947778e-01
2.505000000000000000e+02 6.325681868792898399e-01 2.138497524940012884e-01
2.515000000000000000e+02 7.070577356208698205e-01 2.203749223040014915e-01
2.525000000000000000e+02 8.073186742759990153e-01 3.072622120289816849e-01
2.535000000000000000e+02 9.166821870474333167e-01 3.007413746749966199e-01
2.545000000000000000e+02 1.010767428936713230e+00 2.613272417090192756e-01
2.555000000000000000e+02 1.121495020116496377e+00 2.648480621516628997e-01
2.565000000000000000e+02 1.239991616535112584e+00 2.949193982202178432e-01
2.575000000000000000e+02 1.357622045199224914e+00 2.768215153947554130e-01
2.585000000000000000e+02 1.482287015110467010e+00 2.104890062640562831e-01
2.595000000000000000e+02 1.631201769805870505e+00 2.482302107461870078e-01
2.605000000000000000e+02 1.757429477276742702e+00 3.257851265859260104e-01
2.615000000000000000e+02 1.878632670180334863e+00 3.064808354582300165e-01
2.625000000000000000e+02 2.028624675308041247e+00 2.882171746582803951e-01
2.635000000000000000e+02 2.194869834586027579e+00 3.454507439285640080e-01
2.645000000000000000e+02 2.399312145802637630e+00 3.418711196024913912e-01
2.655000000000000000e+02 2.590251793395753843e+00 2.962248066285897430e-01
2.665000000000000000e+02 2.779918946286918491e+00 1.268489136423328889e-01
2.675000000000000000e+02 3.004518913273791725e+00 1.960044705392212649e-01
2.685000000000000000e+02 3.248274116518721222e+00 2.870217199954209208e-01
2.695000000000000000e+02 3.479048042534301999e+00 2.257280536621188438e-01
2.705000000000000000e+02 3.745389284832763011e+00 3.167729295347489482e-01
2.715000000000000000e+02 4.031431029844114278e+00 3.373957355105633993e-01
2.725000000000000000e+02 4.375882523256198198e+00 3.652651894429507773e-01
2.735000000000000000e+02 4.758095550730607748e+00 2.462791847784096544e-01
2.745000000000000000e+02 5.047668583359322447e+00 1.736419338390861322e-01
2.755000000000000000e+02 5.329875143270314197e+00 9.828806937027927126e-02
2.765000000000000000e+02 5.645851586561348334e+00 1.270656962704921900e-01
2.775000000000000000e+02 5.976895832488233751e+00 2.799315280561914254e-01
2.785000000000000000e+02 6.265920422122212230e+00 1.497169496959365187e-01
2.795000000000000000e+02 6.870215716518241145e+00 5.796023622459371971e-01
2.805000000000000000e+02 7.433767064058245388e+00 4.530246200404838830e-01
2.815000000000000000e+02 7.530994654082567408e+00 5.439432793036940161e-01
2.825000000000000000e+02 7.307775242180079900e+00 6.043777744974467847e-01
2.835000000000000000e+02 8.833224842548951017e+00 2.347983217403692535e+00
2.845000000000000000e+02 9.654523268473692355e+00 3.941993993098541704e+00
2.855000000000000000e+02 9.240223140593940343e+00 2.081359121494027242e+00
2.865000000000000000e+02 1.132190779208053399e+01 2.391255610085206484e+00
2.885000000000000000e+02 1.430073582611764493e+01 1.368991955466905441e+00
2.895000000000000000e+02 1.514838456532262612e+01 1.678020126947050272e+00
