3.600000000000000000e+01 1.519999999999999685e-01
3.700000000000000000e+01 1.125000000000000028e-01
3.800000000000000000e+01 1.341176470588235359e-01
3.900000000000000000e+01 1.488372093023254128e-01
4.000000000000000000e+01 1.260000000000000286e-01
4.100000000000000000e+01 1.043055555555555680e-01
4.200000000000000000e+01 5.779220779220786003e-02
4.300000000000000000e+01 5.474226804123716317e-02
4.400000000000000000e+01 5.632653061224481006e-02
4.500000000000000000e+01 6.314720812182748888e-02
4.600000000000000000e+01 7.333333333333350024e-02
4.700000000000000000e+01 8.211886304909540857e-02
4.800000000000000000e+01 8.207171314741032453e-02
4.900000000000000000e+01 7.562903225806444363e-02
5.000000000000000000e+01 6.827309236947798343e-02
5.100000000000000000e+01 6.526870389884080470e-02
5.200000000000000000e+01 6.382160392798681692e-02
5.300000000000000000e+01 6.099231754161330704e-02
5.400000000000000000e+01 6.126515550869783555e-02
5.500000000000000000e+01 6.101133786848074447e-02
5.600000000000000000e+01 6.264554455445547898e-02
5.700000000000000000e+01 5.974957118353337732e-02
5.800000000000000000e+01 5.553343239227330475e-02
5.900000000000000000e+01 5.087201846627330271e-02
6.000000000000000000e+01 4.948336252189136641e-02
6.100000000000000000e+01 4.886212782097487661e-02
6.200000000000000000e+01 4.588919849205026769e-02
6.300000000000000000e+01 4.696925542765555128e-02
6.400000000000000000e+01 4.401881542334677710e-02
6.500000000000000000e+01 4.206925473280648253e-02
6.600000000000000000e+01 3.581073782002789502e-02
6.700000000000000000e+01 3.380405142189303602e-02
6.800000000000000000e+01 3.402755267423031998e-02
6.900000000000000000e+01 3.301302656064976360e-02
7.000000000000000000e+01 3.118857323731916154e-02
7.100000000000000000e+01 2.781470367591879628e-02
7.200000000000000000e+01 2.555140318713881517e-02
7.300000000000000000e+01 2.294823655625563563e-02
7.400000000000000000e+01 1.910783999999964011e-02
7.500000000000000000e+01 1.647341803379788472e-02
7.600000000000000000e+01 1.507308633136403807e-02
7.700000000000000000e+01 1.441593791625635571e-02
7.800000000000000000e+01 1.404578858111932629e-02
7.900000000000000000e+01 1.153655172413792229e-02
8.000000000000000000e+01 1.051156462585069520e-02
8.100000000000000000e+01 8.540015202519412457e-03
8.200000000000000000e+01 7.721201548274336975e-03
8.300000000000000000e+01 7.012721000431413124e-03
8.400000000000000000e+01 5.348027210884680367e-03
8.500000000000000000e+01 3.273046147100729109e-03
8.600000000000000000e+01 6.860070159807207411e-04
8.700000000000000000e+01 4.855884484585715069e-04
8.800000000000000000e+01 -4.693019343986293106e-04
8.900000000000000000e+01 -1.336250994657319814e-03
9.000000000000000000e+01 -4.210707720588260233e-03
9.100000000000000000e+01 -4.353203212003791192e-03
9.200000000000000000e+01 -6.164186269803053481e-03
9.300000000000000000e+01 -6.480673508265226077e-03
9.400000000000000000e+01 -8.156086490575234840e-03
9.500000000000000000e+01 -8.197866149369445465e-03
9.600000000000000000e+01 -9.099459675805405406e-03
9.700000000000000000e+01 -9.510989010988879153e-03
9.800000000000000000e+01 -1.126926628311664992e-02
9.900000000000000000e+01 -1.192054936129352365e-02
1.000000000000000000e+02 -1.400122502105517752e-02
1.010000000000000000e+02 -1.429959706091494739e-02
1.020000000000000000e+02 -1.520398251578413372e-02
1.030000000000000000e+02 -1.465145647415383098e-02
1.040000000000000000e+02 -1.652743362831827698e-02
1.050000000000000000e+02 -1.692264678471573983e-02
1.060000000000000000e+02 -1.881908086096586996e-02
1.070000000000000000e+02 -1.846177123260019787e-02
1.080000000000000000e+02 -2.087389844733521932e-02
1.090000000000000000e+02 -2.107041017767031371e-02
1.100000000000000000e+02 -2.153854927007287784e-02
1.110000000000000000e+02 -2.442819467753537185e-02
1.120000000000000000e+02 -2.558808745916081942e-02
1.130000000000000000e+02 -2.521612690019807770e-02
1.140000000000000000e+02 -2.186525612472180885e-02
1.150000000000000000e+02 -2.121176121176134369e-02
1.160000000000000000e+02 -2.378395653563430273e-02
1.170000000000000000e+02 -2.600912778904685904e-02
1.180000000000000000e+02 -3.110557236959252125e-02
1.190000000000000000e+02 -2.966325036603222748e-02
1.200000000000000000e+02 -3.028073572120035944e-02
1.210000000000000000e+02 -2.900982160753656780e-02
1.220000000000000000e+02 -3.025400791172188492e-02
1.230000000000000000e+02 -2.905847582858342437e-02
1.240000000000000000e+02 -2.645925597874182467e-02
1.250000000000000000e+02 -2.798315395414149864e-02
1.260000000000000000e+02 -2.730513892303917944e-02
1.270000000000000000e+02 -2.702399183256730744e-02
1.280000000000000000e+02 -2.266226912928757942e-02
1.290000000000000000e+02 -2.059591836734668210e-02
1.300000000000000000e+02 -2.024369509776107606e-02
1.310000000000000000e+02 -2.313263525305387508e-02
1.320000000000000000e+02 -2.349953831948283639e-02
1.330000000000000000e+02 -1.854773082942074575e-02
1.340000000000000000e+02 -1.639615766810208902e-02
1.350000000000000000e+02 -1.672142368240969040e-02
1.360000000000000000e+02 -2.115968208092482497e-02
1.370000000000000000e+02 -1.773348519362258346e-02
1.380000000000000000e+02 -9.849478965650745182e-03
1.390000000000000000e+02 -8.400158793172352034e-03
1.400000000000000000e+02 -9.933202357564426335e-03
1.410000000000000000e+02 -1.738192182410415454e-02
1.420000000000000000e+02 -1.576136837713789859e-02
1.430000000000000000e+02 -1.874730951356042355e-02
1.440000000000000000e+02 -1.687931034482687692e-02
1.450000000000000000e+02 -1.064075181546400052e-02
1.460000000000000000e+02 -8.391850888599209149e-03
1.470000000000000000e+02 -9.025143361270408782e-03
1.480000000000000000e+02 -8.560986751942039480e-03
1.490000000000000000e+02 -3.928407526387900361e-03
1.500000000000000000e+02 3.599999999999283461e-03
1.510000000000000000e+02 2.892066420663752524e-03
1.520000000000000000e+02 6.260790549750368077e-03
1.530000000000000000e+02 6.494464944649678065e-03
1.540000000000000000e+02 1.085349155636606590e-02
1.550000000000000000e+02 1.107360525082043586e-02
1.560000000000000000e+02 1.601274465179784376e-02
1.570000000000000000e+02 2.044536271808937086e-02
1.580000000000000000e+02 2.367346938775483772e-02
1.590000000000000000e+02 2.910624715002256904e-02
1.600000000000000000e+02 2.832303618711421583e-02
1.610000000000000000e+02 3.426376440460955630e-02
1.620000000000000000e+02 3.582987551867262283e-02
1.630000000000000000e+02 3.289506953223735736e-02
1.640000000000000000e+02 2.770152955766775477e-02
1.650000000000000000e+02 2.741716566866301760e-02
1.660000000000000000e+02 3.239650588682167071e-02
1.670000000000000000e+02 3.461371841155170409e-02
1.680000000000000000e+02 2.875400498397994234e-02
1.690000000000000000e+02 3.164057181756334269e-02
1.700000000000000000e+02 3.890609222484044810e-02
1.710000000000000000e+02 4.679593134138542582e-02
1.720000000000000000e+02 4.756773399014804088e-02
1.730000000000000000e+02 4.217250515160515106e-02
1.740000000000000000e+02 3.686588921282748371e-02
1.750000000000000000e+02 3.396406513194875909e-02
1.760000000000000000e+02 3.723415828120721360e-02
1.770000000000000000e+02 4.007569825110948725e-02
1.780000000000000000e+02 4.572538210974698425e-02
1.790000000000000000e+02 4.588848484848483122e-02
1.800000000000000000e+02 4.528306211322444957e-02
1.810000000000000000e+02 4.151100134710333095e-02
1.820000000000000000e+02 4.018947368421123267e-02
1.830000000000000000e+02 3.997725863138299612e-02
1.840000000000000000e+02 4.191572376121797949e-02
1.850000000000000000e+02 4.397496681206121416e-02
1.860000000000000000e+02 4.258876811594120709e-02
1.870000000000000000e+02 4.189633822749015690e-02
1.880000000000000000e+02 4.007262286775897797e-02
1.890000000000000000e+02 4.184934814099534883e-02
1.900000000000000000e+02 4.179051987767622156e-02
1.910000000000000000e+02 4.053242117787050208e-02
1.920000000000000000e+02 4.160964342428172952e-02
1.930000000000000000e+02 3.883678864616740833e-02
1.940000000000000000e+02 3.877442509637120394e-02
1.950000000000000000e+02 3.848273235144716864e-02
1.960000000000000000e+02 4.042674772036548847e-02
1.970000000000000000e+02 4.066375854751186347e-02
1.980000000000000000e+02 4.017068730086407330e-02
1.990000000000000000e+02 3.580087063288374394e-02
2.000000000000000000e+02 3.404859611231102895e-02
2.010000000000000000e+02 2.899053627760167506e-02
2.020000000000000000e+02 3.113236187006719960e-02
2.030000000000000000e+02 2.918118811881186339e-02
2.040000000000000000e+02 2.919528102819867604e-02
2.050000000000000000e+02 2.795418567836833318e-02
2.060000000000000000e+02 2.653290966863352043e-02
2.070000000000000000e+02 2.354249404289077835e-02
2.080000000000000000e+02 2.095090171714616631e-02
2.090000000000000000e+02 2.164959704499608631e-02
2.100000000000000000e+02 2.271933437680161150e-02
2.110000000000000000e+02 2.277696793002945835e-02
2.120000000000000000e+02 2.072377788324615902e-02
2.130000000000000000e+02 1.881540981049710168e-02
2.140000000000000000e+02 1.592686486901669779e-02
2.150000000000000000e+02 1.367794439002352827e-02
2.160000000000000000e+02 1.254339118825129051e-02
2.170000000000000000e+02 1.143054144287958609e-02
2.180000000000000000e+02 1.430599596425480638e-02
2.190000000000000000e+02 1.538592508513062299e-02
2.200000000000000000e+02 1.572863968521630990e-02
2.210000000000000000e+02 1.201148620254912161e-02
2.220000000000000000e+02 9.762414531390106037e-03
2.230000000000000000e+02 6.167660566179620704e-03
2.240000000000000000e+02 5.799228843942500974e-03
2.250000000000000000e+02 3.373931767713713500e-03
2.260000000000000000e+02 2.350236556273727941e-03
2.270000000000000000e+02 7.463672391017439969e-04
2.280000000000000000e+02 -4.130634171907558716e-03
2.290000000000000000e+02 -5.182298546895367647e-03
2.300000000000000000e+02 -1.021734835012893042e-02
2.310000000000000000e+02 -8.342423839297622573e-03
2.320000000000000000e+02 -1.028871042676001921e-02
2.330000000000000000e+02 -1.344556303753591774e-02
2.340000000000000000e+02 -1.753806764587011527e-02
2.350000000000000000e+02 -1.871732026143774902e-02
2.360000000000000000e+02 -1.868301104972431431e-02
2.370000000000000000e+02 -1.900392266741363426e-02
2.380000000000000000e+02 -2.162928149255890359e-02
2.390000000000000000e+02 -2.453334314735798258e-02
2.400000000000000000e+02 -2.766220001514170870e-02
2.410000000000000000e+02 -3.142857142857110458e-02
2.420000000000000000e+02 -3.343000958772762710e-02
2.430000000000000000e+02 -3.587768595041325448e-02
2.440000000000000000e+02 -3.887671469243429018e-02
2.450000000000000000e+02 -4.070585053637472417e-02
2.460000000000000000e+02 -4.655737704918038594e-02
2.470000000000000000e+02 -5.448200219363883573e-02
2.480000000000000000e+02 -5.943912303107736633e-02
2.490000000000000000e+02 -5.985052983825965567e-02
2.500000000000000000e+02 -6.112063832321042167e-02
2.510000000000000000e+02 -6.661451104100933607e-02
2.520000000000000000e+02 -7.202040542354695707e-02
2.530000000000000000e+02 -7.599971148297754442e-02
2.540000000000000000e+02 -7.984867394695811804e-02
2.550000000000000000e+02 -8.615293319769364022e-02
2.560000000000000000e+02 -9.306809770540354354e-02
2.570000000000000000e+02 -9.997184231697474333e-02
2.580000000000000000e+02 -1.021527624917447918e-01
2.590000000000000000e+02 -1.004606714040661986e-01
2.600000000000000000e+02 -1.038056013179578796e-01
2.610000000000000000e+02 -1.123000000000001775e-01
2.620000000000000000e+02 -1.251816239316249635e-01
2.630000000000000000e+02 -1.288305293393500472e-01
2.640000000000000000e+02 -1.339584340260978335e-01
2.650000000000000000e+02 -1.320286532951286118e-01
2.660000000000000000e+02 -1.378410596026480861e-01
2.670000000000000000e+02 -1.453464566929136281e-01
2.680000000000000000e+02 -1.530197554092194434e-01
2.690000000000000000e+02 -1.577464788732402257e-01
2.700000000000000000e+02 -1.644090909090903108e-01
2.710000000000000000e+02 -1.696212121212118951e-01
2.720000000000000000e+02 -1.754066985645931775e-01
2.730000000000000000e+02 -1.693409742120331740e-01
2.740000000000000000e+02 -1.655517241379294568e-01
2.750000000000000000e+02 -1.565789473684225386e-01
2.760000000000000000e+02 -1.590449438202239107e-01
2.770000000000000000e+02 -1.693846153846158276e-01
2.780000000000000000e+02 -1.711881188118809516e-01
2.790000000000000000e+02 -1.771621621621631004e-01
2.800000000000000000e+02 -1.255555555555565861e-01
2.810000000000000000e+02 -1.537142857142868024e-01
2.820000000000000000e+02 -1.800000000000011313e-01
2.830000000000000000e+02 -2.445454545454549822e-01
